

schemaSize:5,keyNum:1,copyNum:100000

1093,268,1392,2019,469,729,971,1571,1527,2345
1427.0,306.0,1718.3666666666668,1979.1333333333332,462.5666666666667,856.7,1066.6,1957.2,1698.8333333333333,2996.6666666666665


schemaSize:5,keyNum:1,copyNum:150000

1694,394,2292,3241,664,1154,1475,2464,2215,3760
1842.6666666666665,446.5333333333333,2819.7333333333336,3129.0,686.1333333333332,1482.4999999999998,1599.1666666666665,3034.0,2790.7333333333327,4221.866666666667


schemaSize:5,keyNum:1,copyNum:200000

1967,544,3102,4482,908,1628,1937,3153,2982,4821
2205.0666666666666,599.2333333333333,4155.833333333334,4282.4333333333325,1000.4666666666666,1975.8000000000004,2103.5,3657.666666666667,3383.9666666666662,5668.733333333333


schemaSize:5,keyNum:2,copyNum:100000

863,193,993,1416,375,607,829,1206,1354,1854
1167.8833333333332,262.6666666666667,1351.9166666666665,2069.333333333333,500.4000000000001,894.2333333333332,1380.3833333333334,1917.0333333333333,1856.1333333333332,2984.15


schemaSize:5,keyNum:2,copyNum:150000

1108,263,1332,2411,545,894,1150,1807,1790,2667
1616.2833333333333,387.2333333333333,2077.483333333333,3285.1166666666663,744.7666666666667,1354.0,1956.3666666666663,3095.2666666666664,2656.4666666666662,4107.433333333333


schemaSize:5,keyNum:2,copyNum:200000

1590,334,1699,3316,748,1154,1637,2404,2392,3723
2110.2833333333338,489.7,2838.4833333333336,4433.699999999999,1049.8166666666668,1820.9833333333331,2689.2833333333338,4054.3833333333337,3681.283333333333,6382.116666666667


schemaSize:5,keyNum:3,copyNum:100000

1105,281,1382,2380,541,894,1148,1761,1730,2638
1284.0555555555554,311.2555555555556,1604.588888888889,2268.5,521.911111111111,930.6555555555555,1262.7222222222222,2063.7222222222217,2102.4333333333334,3386.822222222222


schemaSize:5,keyNum:3,copyNum:150000

1756,445,2281,3775,804,1355,1725,2706,2635,4093
1800.9222222222222,458.1,2570.011111111111,3563.0,815.2111111111111,1589.611111111111,2165.4666666666662,3233.833333333333,2959.677777777778,4599.433333333333


schemaSize:5,keyNum:3,copyNum:200000

2079,531,3000,5093,1143,1839,2319,3593,3498,5550
2278.777777777778,583.411111111111,3709.555555555556,4821.755555555555,1153.7333333333336,2084.4,2897.611111111111,4475.0777777777785,4101.211111111111,6825.944444444445


schemaSize:5,keyNum:4,copyNum:100000

1471,363,1632,2996,650,1119,1386,2142,2038,3411
1653.9666666666665,419.9083333333333,2405.041666666667,3045.3416666666667,667.0666666666666,1322.4416666666668,1666.8916666666669,2814.2416666666663,2510.8833333333328,4116.358333333334


schemaSize:5,keyNum:4,copyNum:150000

2041,529,2785,4686,979,1646,2049,3382,3146,4974
2480.5416666666665,613.8333333333334,4080.05,4696.199999999999,1064.3000000000002,1968.9583333333333,2615.85,3926.075,3819.8,6224.4416666666675


schemaSize:5,keyNum:4,copyNum:200000

2969,651,3749,6372,1324,2202,3222,4351,4865,6590
3093.8833333333337,807.0666666666665,6224.675,6344.350000000001,1543.425,2603.3250000000003,3240.225,6055.25,5499.466666666667,8083.783333333333


schemaSize:5,keyNum:5,copyNum:100000

1438,361,1667,3035,627,1082,1435,2221,2041,3220
1547.2800000000002,405.5066666666668,2206.5333333333333,3188.5666666666666,669.3733333333333,1256.893333333333,1838.9266666666667,2752.873333333333,2710.8399999999997,3853.8066666666673


schemaSize:5,keyNum:5,copyNum:150000

2009,554,2686,4660,1006,1669,2081,3396,3067,5307
2371.246666666667,575.6933333333334,3682.5933333333332,4891.160000000001,1066.1466666666668,1945.4266666666667,2502.326666666667,4002.253333333333,3892.54,6467.82


schemaSize:5,keyNum:5,copyNum:200000

2972,677,3673,6263,1352,2231,2754,4586,4201,6761
2989.3066666666664,765.9133333333333,5589.286666666667,6619.473333333332,1489.48,2679.913333333333,3627.6733333333336,5648.086666666667,5139.466666666666,8811.233333333334
