

schemaSize:6,keyNum:1,copyNum:100000

1232,335,2093,2873,682,1012,1330,2010,1953,2984
1641.7,430.8333333333333,3003.5333333333333,3189.0,705.3999999999999,1097.8000000000002,1391.8666666666666,2180.4,2072.6666666666665,3267.766666666667


schemaSize:6,keyNum:1,copyNum:150000

2016,510,3317,4549,945,1489,1897,3036,2808,4465
2586.4666666666667,661.8666666666667,5142.766666666666,5067.833333333334,1051.6000000000001,1660.7333333333331,2079.866666666667,3297.1666666666665,3081.9333333333334,4915.766666666667


schemaSize:6,keyNum:1,copyNum:200000

2584,687,4639,6195,1273,1985,2533,3961,3748,5945
3450.433333333333,892.7666666666667,7752.133333333334,6895.5,1392.6000000000001,2211.9000000000005,2753.733333333333,4400.3,4124.266666666667,6564.800000000001


schemaSize:6,keyNum:2,copyNum:100000

1502,410,2357,4601,930,1351,1862,2725,2795,4169
1869.7833333333333,483.7333333333333,3258.2166666666667,3882.8833333333328,819.9,1259.9,1634.6333333333334,2529.583333333333,2450.3500000000004,3809.8166666666666


schemaSize:6,keyNum:2,copyNum:150000

2431,621,3838,7136,1403,2137,2809,4218,4164,6334
2709.7000000000003,739.4666666666667,5645.4,6127.616666666667,1243.15,1928.5166666666669,2468.95,3849.8166666666666,3658.45,5753.299999999999


schemaSize:6,keyNum:2,copyNum:200000

3221,834,5472,9513,1880,2804,3712,5630,5554,8196
3926.1833333333334,997.2666666666668,8480.75,8294.966666666665,1647.4666666666667,2581.7833333333338,3247.133333333334,5148.216666666665,4864.483333333334,7713.016666666667


schemaSize:6,keyNum:3,copyNum:100000

2041,510,3263,4556,940,1403,1911,2787,2832,4303
2070.677777777778,535.5111111111112,3746.2222222222217,4480.411111111111,938.0333333333332,1442.8333333333335,1868.911111111111,2875.6555555555556,2778.9,4314.1


schemaSize:6,keyNum:3,copyNum:150000

2888,779,5384,7108,1417,2147,2844,4241,4223,6390
3360.1555555555556,817.2222222222224,6440.300000000001,6978.022222222222,1399.2777777777778,2187.9333333333334,2791.6444444444446,4368.3,4168.888888888889,6548.133333333333


schemaSize:6,keyNum:3,copyNum:200000

4235,1055,7934,9694,1901,2849,3745,5729,5636,8550
4328.355555555556,1115.9777777777776,9893.244444444446,9485.633333333333,1868.988888888889,2917.855555555556,3702.977777777778,5845.111111111111,5517.122222222222,8710.41111111111


schemaSize:6,keyNum:4,copyNum:100000

2523,673,4472,6282,1255,1923,2496,3835,3698,5741
2745.25,715.6083333333333,5384.933333333333,6092.8,1232.5333333333333,1912.5333333333333,2449.4,3821.2333333333327,3625.775,5721.608333333333


schemaSize:6,keyNum:4,copyNum:150000

4142,1030,7829,9572,1885,2891,3732,5834,5566,8680
4272.608333333334,1090.525,9709.916666666668,9398.033333333333,1851.9,2912.4,3680.5083333333328,5789.791666666667,5469.6,8614.733333333334


schemaSize:6,keyNum:4,copyNum:200000

5268,1387,12008,12905,2514,3855,4995,7751,7456,11483
5724.058333333333,1468.4416666666668,15256.149999999998,12679.433333333334,2468.666666666667,3864.316666666667,4897.874999999999,7754.008333333334,7278.516666666667,11541.591666666665


schemaSize:6,keyNum:5,copyNum:100000

1989,490,3240,4596,945,1431,1888,2859,2813,4304
2326.086666666667,591.3933333333332,4201.8133333333335,5512.119999999999,1119.4666666666667,1715.4333333333332,2225.56,3425.46,3319.46,5137.219999999999


schemaSize:6,keyNum:5,copyNum:150000

2830,742,5339,7177,1420,2178,2826,4349,4234,6522
3537.9799999999996,903.0799999999999,7319.620000000001,8497.5,1688.3333333333333,2605.5999999999995,3336.2733333333335,5191.32,4954.593333333333,7784.959999999999


schemaSize:6,keyNum:5,copyNum:200000

4182,1019,7832,9804,1894,2884,3759,5747,5627,8686
4860.806666666666,1216.2533333333336,11255.6,11527.286666666667,2243.053333333333,3469.9600000000005,4462.846666666666,6932.033333333335,6633.086666666665,10384.286666666667


schemaSize:6,keyNum:6,copyNum:100000

3042,763,5329,8003,1595,2401,3164,4808,4659,7256
3551.9222222222224,884.6555555555555,7232.37222222222,7619.733333333333,1574.7222222222222,2430.4444444444443,3109.772222222222,4842.15,4617.0888888888885,7292.022222222222


schemaSize:6,keyNum:6,copyNum:150000

4952,1164,9451,12198,2368,3574,4703,7135,7009,10708
5279.516666666667,1353.6833333333334,13455.35,11610.577777777777,2340.838888888889,3672.4944444444445,4615.950000000001,7313.616666666667,6883.355555555556,10964.377777777778


schemaSize:6,keyNum:6,copyNum:200000

6451,1576,14784,16496,3165,4804,6251,9584,9267,14561
7376.105555555556,1827.5222222222224,21547.938888888893,15574.483333333334,3138.1611111111115,4914.877777777778,6132.133333333333,9779.888888888889,9152.633333333333,14708.222222222223
